         10
 kind4
   0.00000000    
   0.00000000    
   0.00000000    
   0.00000000    
          10
 kind8
   0.0000000000000000     
   0.0000000000000000     
   0.0000000000000000     
   0.0000000000000000     
          10
 kind16
   0.00000000000000000000000000000000000      
   0.00000000000000000000000000000000000      
   0.00000000000000000000000000000000000      
   0.00000000000000000000000000000000000      
          20
 kind4
   0.00000000    
   0.00000000    
   0.00000000    
   0.00000000    
          20
 kind8
   0.0000000000000000     
   0.0000000000000000     
   4.0000000000000001E-003
   0.0000000000000000     
          20
 kind16
   0.00000000000000000000000000000000000      
   0.00000000000000000000000000000000000      
   0.00000000000000000000000000000000000      
   3.99999999999999999999999999999999977E-0003
          40
 kind4
   0.00000000    
   0.00000000    
   0.00000000    
   0.00000000    
          40
 kind8
   0.0000000000000000     
   0.0000000000000000     
   0.0000000000000000     
   0.0000000000000000     
          40
 kind16
   3.99999999999999999999999999999999977E-0003
   3.99999999999999999999999999999999977E-0003
   3.99999999999999999999999999999999827E-0003
   4.00000000000000000000000000000000128E-0003
          80
 kind4
   0.00000000    
   0.00000000    
   0.00000000    
   0.00000000    
          80
 kind8
   0.0000000000000000     
   0.0000000000000000     
   4.0000000000000036E-003
   0.0000000000000000     
          80
 kind16
   2.79999999999999999999999999999999999E-0002
   2.79999999999999999999999999999999999E-0002
   2.79999999999999999999999999999999879E-0002
   3.19999999999999999999999999999999982E-0002
         160
 kind4
   3.99999321E-03
   8.00000131E-03
   0.00000000    
   4.00000811E-03
         160
 kind8
   4.0000000000000036E-003
   8.0000000000000071E-003
   4.0000000000000036E-003
   0.0000000000000000     
         160
 kind16
  0.235999999999999999999999999999999970      
  0.235999999999999999999999999999999970      
  0.223999999999999999999999999999999999      
  0.228000000000000000000000000000000118      
         320
 kind4
   4.40000296E-02
   4.40000296E-02
   2.39999294E-02
   8.00001621E-03
         320
 kind8
   5.9999999999999831E-002
   5.6000000000000050E-002
   2.8000000000000025E-002
   1.6000000000000014E-002
         320
 kind16
   2.11200000000000000000000000000000024      
   2.09199999999999999999999999999999984      
   1.78000000000000000000000000000000022      
   1.80000000000000000000000000000000062      
                640
 kind4
  0.551999986    
  0.548000038    
  0.207999945    
   6.00000620E-02
         640
 kind8
  0.71199999999999974     
  0.68400000000000016     
  0.23600000000000021     
  0.13999999999999968     
         640
 kind16
   17.5119999999999999999999999999999998      
   17.0560000000000000000000000000000020      
   14.5479999999999999999999999999999991      
   14.5199999999999999999999999999999965      
         1280
 kind4
   5.47200012    
   5.46400023    
   1.71599960    
  0.583999634    
        1280
 kind8
   6.9400000000000013     
   6.9319999999999986     
   1.9359999999999999     
   1.1879999999999988     
        1280
 kind16
   201.044000000000000000000000000000015      
   201.124000000000000000000000000000001      
   116.972000000000000000000000000000022      
   117.539999999999999999999999999999968  
